$coord
          0.622611407282          7.196746790783         -1.108851923124     c 
         -0.963259816089          8.102856262401         -0.132189939759     h 
          2.266438067901          8.937166304251         -2.158756578023     o 
          1.369445032793          9.930179237538         -3.388677981341     h 
         -1.888898544286          3.615490347479         -2.419825817494     c 
         -2.029012151281          2.475819102567         -4.128829296178     h 
         -0.254314203770          5.647859605746         -3.108090718857     o 
          2.096131814103          5.649035691830          0.818545956330     c 
          2.611201647166          6.847860032612          2.418552327592     h 
          4.376172370475          4.740916073826         -0.430696746928     n 
          4.468888384662          5.062787578508         -2.314561757908     h 
          6.157420888501          3.406608395674          0.607281698532     c 
          6.105590381490          3.082987080097          3.016638556538     o 
          8.200367542503          2.296281304557         -0.957287021334     c 
         10.038027770144          2.856520680165         -0.200143724612     h 
          8.065085734466          2.881622735155         -2.926633339166     h 
          8.050358676524          0.234152469886         -0.847179582607     h 
          0.423629744635          3.476118162705          1.772584425372     c 
          1.544767272645          2.231118799178          2.971916593584     h 
         -1.515974246454          4.622400707292          3.193558190426     o 
         -3.123078580605          3.872117856165          2.749064590833     h 
         -0.653290810037          1.936127644630         -0.427454454397     c 
         -2.054580877363          0.606618770480          0.297626525080     h 
          1.263107359639          0.526172095417         -1.702881933266     o 
         -4.551642564281          4.599246824454         -1.720304039214     c 
         -5.775186925500          4.542623281488         -3.384053116531     h 
         -4.435625015820          6.555176697300         -1.082408716944     h 
         -5.688735955942          3.248726058943          0.306697143549     o 
          1.856620438595         -1.797445097025         -0.662235725564     c 
          0.134113989441         -2.794640284736         -0.039173346326     h 
          4.307223412542         -3.617792813438          2.644508539826     c 
          2.671021285746         -4.696921717837          3.347748238094     h 
          3.480628965872         -1.383078061049          1.430714126466     o 
          3.270963315316         -3.297606835579         -2.662950267689     c 
          4.905799813008         -2.161516032896         -3.252473943175     h 
          1.739894923186         -3.917937481339         -4.742902378761     o 
          1.226366786312         -2.379006800184         -5.559416563161     h 
          4.208004822747         -5.774521444460         -1.558749440464     c 
          2.555978115340         -6.944177847623         -1.082862322294     h 
          5.813935833229         -7.049326035623         -3.252151796602     o 
          4.971656532745         -7.175367591863         -4.859109580427     h 
          5.745550205267         -5.324452228385          0.828322766018     c 
          6.093085361875         -7.147599370549          1.755255588261     h 
          8.093672050852         -4.166884382780          0.213113121771     o 
          8.820343154437         -5.134414962382         -1.153119016374     h 
          5.850552932646         -2.803311618020          4.926019782223     c 
          6.560749971782         -4.470198759188          5.924108223869     h 
          4.657866582265         -1.731666075966          6.222091696835     h 
          7.908003374682         -1.186134689831          4.273865897756     o 
          8.877848849969         -2.062815452276          2.985998292299     h 
         -7.056016103406          1.080308586903         -0.359247227816     c 
         -8.817471525591          1.624487018408         -1.335477793668     h 
         -6.607862706525         -2.768367577113         -2.611048937321     c 
         -8.496461601047         -2.452019491561         -3.427842469649     h 
         -5.536874796944         -0.376815230905         -1.967130163070     o 
         -7.622683877124         -0.296226190956          2.103612899370     c 
         -5.822870531200         -0.495894891532          3.121077673932     h 
         -9.433572893001          0.972503229912          3.581496804448     o 
         -8.747609318710          2.552666588294          4.152936832768     h 
         -8.652431465854         -2.926607050639          1.604343089476     c 
        -10.550643101592         -2.751312088940          0.775126396134     h 
         -8.737730765986         -4.348576669734          3.853210050092     o 
         -9.664410373316         -3.396157983984          5.094259855856     h 
         -6.959322323029         -4.344884978922         -0.234150006044     c 
         -7.895289747857         -6.123638704466         -0.755384321194     h 
         -4.575172466033         -4.835357441628          0.870677903025     o 
         -4.927933272359         -5.555127924914          2.506597501115     h 
         -4.909895600633         -3.980724184312         -4.553534957946     c 
         -5.709369277999         -5.784881355716         -5.160482106409     h 
         -3.033426089825         -4.331555076243         -3.776598625353     h 
         -4.744673244686         -2.761020004519         -6.210709781405     h 
          7.049372111827          1.487278065026          3.545389965401     h 
$end
