$coord
         -0.816699396773         -5.897656029898          0.379101247629     c 
         -0.437509210804         -7.915227154157          0.729694590948     h 
         -0.079947483664         -5.235786294945         -2.060512425958     o 
          1.727588488722         -4.928652149043         -2.010892472537     h 
          0.294284895064         -1.952191164596          2.119111759234     c 
          0.746537394658         -1.225761844805          0.229329362977     h 
          0.591066973225         -4.621068364235          2.210443021477     o 
         -3.656340412424         -5.364864965752          0.685439457887     c 
         -4.273488331696         -6.092035992830          2.521106455672     h 
         -5.045946018670         -6.645511936727         -1.288383955160     n 
         -4.185963732264         -6.354677207225         -2.979134825907     h 
         -7.691975397898         -6.274061757098         -1.351965319253     c 
         -8.796104117565         -6.313329135471         -3.720509452925     o 
         -9.244670032875         -7.561752386107          0.654279415007     c 
         -9.159441783513         -9.619750319300          0.471424365710     h 
        -11.201502532181         -6.974586042546          0.440002953078     h 
         -8.590687069215         -7.041918821516          2.528934578257     h 
         -4.098935166306         -2.475526685865          0.619145052375     c 
         -3.444028402822         -1.784551866789         -1.238427424467     h 
         -6.639282302526         -1.870181183583          0.991497532923     o 
         -7.653701069906         -3.133363979042          0.005785306826     h 
         -2.472075205844         -1.269833116178          2.695722763908     c 
         -3.005306858514         -2.091087795848          4.523671456195     h 
         -2.805471369711          1.361028644247          3.047826521943     o 
          2.135282330538         -0.815815585606          4.024372343570     c 
          2.338940512590         -2.131903578219          5.613373475028     h 
          1.401155099484          0.996201903821          4.683423912777     h 
          4.526859807994         -0.256675667419          2.978600302931     o 
         -3.361725444408          2.895092241414          0.979665070316     c 
         -4.928677461313          2.093385805123         -0.146356142094     h 
         -1.790520278310          4.814374890463         -2.673302051172     c 
         -3.268590153666          3.876634578914         -3.805799680010     h 
         -1.229513342550          3.258075707869         -0.563833038181     o 
         -4.254420258329          5.415283942739          2.103794486730     c 
         -2.661043654992          6.253537732203          3.146466215923     h 
         -6.348782670514          5.080667426735          3.700284498419     o 
         -6.130121066791          3.486359611333          4.558957793482     h 
         -5.016493301332          7.161856955593         -0.069150914657     c 
         -6.636106726146          6.309863391946         -1.060022210045     h 
         -5.655733821178          9.584679839066          0.821001799660     o 
         -6.772001450243          9.347648189683          2.243419742711     h 
         -2.776076216817          7.433649527297         -1.888644376440     c 
         -3.430773219779          8.424177570208         -3.600870308372     h 
         -0.832058788059          8.818540820115         -0.737064639370     o 
         -1.650057106143         10.227296903409          0.105082486775     h 
          0.601377141366          5.140317310374         -4.289504545827     c 
          2.004420980117          6.149400746189         -3.161613836715     h 
          0.088922594143          6.294221945958         -5.927340985178     h 
          1.550559930768          2.844052008137         -5.190772088972     o 
          2.804004431535          2.289911098416         -3.966207291233     h 
          5.966962379312         -2.321231043456          2.084824385611     c 
          5.693541851008         -3.944743334345          3.361753474185     h 
          6.579401304389         -2.214356437168         -2.422163415127     c 
          8.348466600465         -3.294000973327         -2.567127352996     h 
          5.178360096117         -3.149468590809         -0.298497131677     o 
          8.741625230633         -1.432327138881          2.129793245269     c 
          9.115695853035         -0.646846777587          4.015149370943     h 
         10.399798878166         -3.429922466597          1.565400843992     o 
         10.365356361813         -4.656100658052          2.908688186665     h 
          9.224464477141          0.704193268648          0.181507885089     c 
         11.128871699726          0.368369791960         -0.560721168549     h 
          9.224833180318          3.084123262702          1.312255482226     o 
          7.558429955125          3.816539640910          1.099203918595     h 
          7.290528013607          0.566492159083         -2.006856269050     c 
          8.130605313153          1.335650144266         -3.731080106431     h 
          5.189359377009          2.111898422427         -1.509305217511     o 
          4.351010211328          1.500185014050          0.020903592718     h 
          4.986770555158         -2.638172459140         -4.781524603614     c 
          6.029643567092         -2.021587082729         -6.430453826485     h 
          3.236444005959         -1.582896258169         -4.695800649362     h 
          4.563463683735         -4.628919127027         -4.983666915584     h 
         -7.561119720872         -6.663941948990         -5.016605739800     h 
$end
