           2           1  0.95483940583733806     
           3           1   1.0113568239943267     
           3           2   1.6838106215674740E-002
           4           3  0.97885226175718010     
           5           1   3.4778240812071096E-003
           5           3   1.9679377536370123E-002
           6           1   1.1024747437475765E-002
           6           5  0.96610070342923282     
           7           1  0.94041045208583296     
           7           2   1.7661521036337023E-002
           7           3   3.8969700208698006E-002
           7           4   7.6005962479180657E-003
           7           5  0.95461958780675193     
           7           6   1.1883215751546102E-002
           8           1  0.98039147600858234     
           8           3   6.7908679660462863E-003
           8           4   9.7223004020219952E-003
           8           5   2.4926229788631345E-003
           8           7   2.0177716403882474E-002
           9           7   9.6003226866601503E-003
           9           8  0.96191474632563756     
          10           2   7.9453405043223325E-003
          10           3   4.2294874033784909E-003
          10           7   2.1983443398148990E-003
          10           8  0.94093619742801105     
          10           9   6.3280991842397331E-003
          11           3   1.9543115742700377E-002
          11           7   1.1670098678680955E-002
          11           9   2.9284665803879697E-003
          11          10  0.93844556751248798     
          12           1   6.5434660050448130E-003
          12           8   1.2149577966847177E-002
          12          10   1.1982953121503261     
          13           8   2.3611260257183262E-003
          13           9   2.9585007186627016E-003
          13          10   7.0410652760278386E-002
          13          11   1.2463981247357802E-002
          13          12   1.1790443443820948     
          14           8   1.7916517788473890E-002
          14          10   1.0664227137968770E-002
          14          12   1.0090717083608434     
          14          13   3.1436129594679806E-002
          15          10   7.8780507139650929E-003
          15          12   1.6733088612736677E-002
          15          13   4.5074399158402225E-003
          15          14  0.96920110624814904     
          16          13   9.1716564211690929E-003
          16          14  0.97595688360374278     
          17          10   7.0399306991313047E-003
          17          12   1.9175694788131536E-002
          17          13   4.3438076756840216E-003
          17          14  0.95663587581344578     
          18           1   2.7320951718539334E-003
          18           3   9.7956143763113460E-003
          18           5   2.6582293685993644E-003
          18           6   7.7375149803317975E-003
          18           7   5.3463661644010153E-003
          18           8  0.96306065614749392     
          18          10   1.4528493889818681E-002
          18          12   7.1717471832212784E-003
          18          13   4.7606063426708489E-003
          19           1   8.4898191105395038E-003
          19           5   8.9253366197593401E-003
          19          13   1.6141138101623521E-002
          19          18  0.95937508855501685     
          20           1   2.2203081724038033E-003
          20           2   1.2136272782862400E-002
          20           8   1.4032498996096675E-002
          20           9   3.5759066979864067E-003
          20          10   1.0866722568307093E-002
          20          18  0.98140007316356603     
          20          19   2.2166421433564763E-002
          21           8   4.3039547461557305E-003
          21          20  0.95095931409460666     
          22           1   3.0565798877366691E-003
          22           5  0.98095152643884953     
          22           7   1.6345883166551774E-002
          22           9   8.9982672997378516E-003
          22          18  0.97688258253987648     
          22          20   1.6112844946777859E-002
          23           7   9.8014737115060153E-003
          23           8   9.2455197254631381E-003
          23          22  0.95257189130686859     
          24           5   7.3536047506546562E-003
          24           6   9.5388624714332002E-003
          24          11   3.3162593982555191E-003
          24          18   1.9517433487979376E-002
          24          19   3.2810223390047316E-003
          24          20   1.5890086339831151E-002
          24          22  0.95327911793453179     
          24          23   7.0466368239777951E-003
          25           1   6.6657282371986636E-003
          25           5  0.97346010776532022     
          25           7   2.1844564494556653E-002
          25          22   3.9232598953564497E-003
          25          24   1.0853089954878823E-002
          26          22   6.0604160939265956E-003
          26          25  0.97401114033592828     
          27           2   2.5726978819898090E-003
          27           6   5.2035286530576269E-003
          27           7   3.7540244161744980E-003
          27          20   2.7014207890843512E-003
          27          25  0.96640179978597829     
          28           5   2.2345824315838123E-002
          28           7   9.6730927649270430E-003
          28          20   2.0238024842194002E-002
          28          21   6.3785923401945277E-002
          28          22   6.6687405187000094E-003
          28          23   1.3127323375071652E-002
          28          25  0.97218079910218136     
          28          26   7.2569609274602247E-003
          28          27   1.1845714106326099E-002
          29           5   9.2064882867820344E-003
          29          22   6.6895636617624104E-003
          29          24   1.0038396211470340     
          30          24   1.1200745077394289E-002
          30          29  0.95125961338448695     
          31          24   1.7034095197064943E-002
          31          29   4.5916148804829764E-003
          32          31  0.96011997101421886     
          33          17   6.1395976838819625E-003
          33          18   4.4437138297022099E-003
          33          19   2.2643236926129278E-002
          33          24   3.9606444360145307E-002
          33          29  0.92977608621185992     
          33          30   1.4841802219912777E-002
          33          31  0.95780588971965719     
          33          32   1.4887900542851685E-002
          34          22   1.4403540136224186E-002
          34          24   6.2648097002949606E-003
          34          29  0.96441933322258966     
          34          33   1.9487325728276206E-002
          35          24   2.7552550475046073E-003
          35          30   8.5036106717655113E-003
          35          33   3.9792405981807335E-003
          35          34  0.95730829841866860     
          36          24   2.7588036458093520E-003
          36          29   2.2890476960067848E-002
          36          30   3.2609112939943857E-003
          36          33   1.4612257390620907E-002
          36          34  0.97966377080229550     
          36          35   1.5574500889597788E-002
          37          24   1.1312553982517364E-002
          37          36  0.98137281257609765     
          38          24   9.6548737522661465E-003
          38          29   4.4460756139695730E-003
          38          31   3.1125693997261137E-003
          38          33   4.2836245995558180E-003
          38          34  0.98225696862832612     
          38          36   6.3714193473702026E-003
          38          37   8.5593821851240523E-003
          39          35   8.7454536806698922E-003
          39          36   3.0199456238781800E-003
          39          38  0.96171221511284621     
          40          29   1.2135340534145621E-002
          40          31   9.7923802487555403E-003
          40          34   2.0819857910184331E-002
          40          35   4.6909191514193727E-003
          40          36   3.2511627567827898E-003
          40          38  0.97756150042265599     
          40          39   1.9528449631634061E-002
          41          36   1.4209320755918589E-002
          41          40  0.97863816826409467     
          42          31  0.98156567507896475     
          42          33   1.9226336772093112E-002
          42          34   2.7712763288634036E-003
          42          36   1.0987500874130154E-002
          42          38  0.98146530663076381     
          42          40   6.4758303210863061E-003
          42          41   8.5010680106934640E-003
          43          33   1.0124183195368789E-002
          43          34   9.2355038009351506E-003
          43          42  0.96552910874206865     
          44          14   4.2031009202830498E-003
          44          17   2.1670023676536171E-002
          44          31   6.2294719125777897E-003
          44          32   1.0095350760496816E-002
          44          35   6.6914106381817055E-003
          44          38   1.7489400284585951E-002
          44          39   1.0069563660397860E-002
          44          40   8.2032994719512514E-003
          44          42  0.97169009139119922     
          44          43   1.7650878979649162E-002
          45          31   7.8111616566282367E-003
          45          40   3.1987762380532740E-002
          45          44  0.97169444609180800     
          46          13   4.0199790651637762E-003
          46          29   1.1933869774529066E-002
          46          31  0.99241903005425747     
          46          33   4.8597315198786791E-003
          46          38   9.9057748259443086E-003
          46          42   2.9212394549255919E-003
          47          33   9.6920725642338900E-003
          47          46  0.97085180167433383     
          48          42   9.6413541937241960E-003
          48          46  0.97608164586755208     
          49          10   2.1965043911384673E-003
          49          12   3.7760792916578870E-003
          49          13   8.5558373337833116E-002
          49          14   2.1121351294288190E-003
          49          17   2.3091898862191863E-003
          49          31   1.9581599799858192E-002
          49          32   1.2019189854664389E-002
          49          33   2.0257005745646368E-003
          49          44   1.8986791368352823E-002
          49          45   3.1838387570153567E-003
          49          46  0.98345025205853787     
          49          47   1.4872789138217834E-002
          49          48   7.9435996450876907E-003
          50          12   4.0361342401931399E-003
          50          13   2.7130050156107068E-003
          50          44   6.3165288264153921E-002
          50          48   7.5863777001136702E-003
          50          49  0.95500506627017567     
          51          20   2.9253763242887989E-003
          51          25   5.1952021925355035E-003
          51          27   9.6869057159644674E-003
          51          28  0.97522260816607209     
          52          28   1.5386165505642037E-002
          52          51  0.95475996120352424     
          53          28   1.8766480814924213E-002
          53          51   4.7305946427657454E-003
          54          53  0.96535447032876198     
          55           6   7.0765418019215279E-003
          55          22   4.3597462393330563E-003
          55          23   2.5607005324390763E-002
          55          25   3.3347345570137860E-003
          55          28   3.0535353394961055E-002
          55          51  0.95693616701353446     
          55          52   1.6502646912789409E-002
          55          53  0.94859905984846604     
          55          54   1.2534934152210840E-002
          56          25   1.4284051291381900E-002
          56          28   5.2812760111467620E-003
          56          51  0.96514867851030339     
          56          55   2.0309615598048707E-002
          57          28   4.6026089889068143E-003
          57          52   8.2209471153311450E-003
          57          56  0.95836393507247364     
          58          51   2.3794061157986855E-002
          58          52   5.0710155076619263E-003
          58          55   1.4188633531494589E-002
          58          56  0.98087125090932936     
          58          57   1.5312598461082618E-002
          59          28   5.2529263654971323E-003
          59          58  0.98206653580729797     
          60          28   9.3692492975664780E-003
          60          51   4.1212423971315254E-003
          60          53   3.6943447350826857E-003
          60          55   4.4527314342638060E-003
          60          56  0.98168838207929865     
          60          58   6.5265193955114254E-003
          60          59   8.5439364553243791E-003
          61          57   8.6556613079372853E-003
          61          58   3.3278678751586755E-003
          61          60  0.96203558339131623     
          62          51   1.2288376825669195E-002
          62          53   1.0151309008951132E-002
          62          56   2.0710903695206118E-002
          62          57   5.9723849738562490E-003
          62          58   3.0657592063651332E-003
          62          60  0.97672920449152945     
          62          61   1.8941028277106833E-002
          63          58   1.4129196717375073E-002
          63          62  0.97925525214537135     
          64          53  0.98249040904363794     
          64          55   1.7981966040012808E-002
          64          56   2.8746879215559122E-003
          64          58   1.0910591692669088E-002
          64          60  0.98123149122803888     
          64          62   6.4524763947154682E-003
          64          63   8.5182597518388362E-003
          65          55   1.0630076390551527E-002
          65          56   9.3476547434240970E-003
          65          64  0.96303892547963732     
          66          30   5.3162267326511588E-003
          66          53   6.7484865987377613E-003
          66          54   1.0039816144736721E-002
          66          56   2.1563808275511299E-003
          66          57   7.8377969080376930E-003
          66          60   1.8681407720042734E-002
          66          61   1.0005575058440422E-002
          66          62   6.6702615871281250E-003
          66          64  0.97769287449545994     
          66          65   1.8620883586638704E-002
          67          53   7.8830708210990072E-003
          67          62   2.7747766808190483E-002
          67          66  0.97748422996139261     
          68          36   2.5084752543866576E-003
          68          51   1.0946031885187005E-002
          68          53   1.0135678240243020     
          68          55   5.4044915415862463E-003
          68          60   1.0208795647320197E-002
          68          64   2.6590130270541866E-003
          69          55   1.0959847759339352E-002
          69          68  0.97745933114939676     
          70          36   1.4533268022052476E-002
          70          54   1.0859130358107311E-002
          70          66   4.9325462892530004E-003
          70          68  0.97528940201049608     
          71          55   2.5395265841221294E-003
          71          64   1.0611520572906208E-002
          71          68  0.97992513942117798     
          72          10   8.5741133621908498E-003
          72          12   3.5824402836172539E-003
          72          13  0.84085504889601781     
          72          33   6.5783505218151251E-003
          72          49  0.15800957878598471     
